0 0.079687 0.829861 0.151562 0.340278
0 0.248047 0.863889 0.174219 0.272222
0 0.582422 0.897222 0.175781 0.150000
0 0.346484 0.554861 0.113281 0.156944
0 0.234375 0.496528 0.126562 0.173611
0 0.384375 0.388194 0.068750 0.140278
0 0.460547 0.420139 0.082031 0.101389
0 0.414453 0.309722 0.063281 0.102778
0 0.474219 0.305556 0.048438 0.091667
0 0.532813 0.381944 0.051562 0.108333
0 0.682031 0.387500 0.110937 0.194444
0 0.616797 0.250694 0.055469 0.079167
0 0.657031 0.247222 0.035937 0.061111
0 0.676562 0.220833 0.032813 0.055556
0 0.807813 0.296528 0.082812 0.115278
0 0.907031 0.348611 0.100000 0.097222
0 0.948438 0.484028 0.103125 0.109722
