0 0.141016 0.690278 0.147656 0.286111
0 0.313672 0.616667 0.128906 0.227778
0 0.268750 0.450000 0.090625 0.136111
0 0.369922 0.452083 0.082031 0.143056
0 0.459375 0.422222 0.076563 0.125000
0 0.573047 0.674306 0.130469 0.223611
0 0.335156 0.331250 0.073438 0.109722
0 0.543750 0.458333 0.070312 0.088889
0 0.466016 0.329861 0.025781 0.101389
0 0.754687 0.362500 0.112500 0.138889
0 0.825000 0.315278 0.075000 0.113889
0 0.686328 0.239583 0.036719 0.131944
0 0.924219 0.843056 0.151562 0.313889
0 0.604688 0.174306 0.035937 0.056944
