0 0.284375 0.747917 0.142187 0.254167
0 0.333594 0.527778 0.110937 0.172222
0 0.207813 0.525694 0.114062 0.223611
0 0.567578 0.660417 0.141406 0.293056
0 0.373047 0.409722 0.047656 0.111111
0 0.326562 0.352778 0.051562 0.150000
0 0.542188 0.408333 0.085938 0.133333
0 0.531641 0.309028 0.049219 0.079167
0 0.465625 0.309722 0.039062 0.055556
0 0.362891 0.279167 0.055469 0.091667
0 0.616016 0.272917 0.061719 0.109722
0 0.683203 0.283333 0.049219 0.108333
0 0.720313 0.251389 0.056250 0.091667
0 0.780469 0.258333 0.034375 0.119444
0 0.756641 0.359028 0.069531 0.081944
0 0.625781 0.204861 0.023438 0.073611
0 0.474219 0.252083 0.040625 0.070833
0 0.663281 0.165278 0.031250 0.063889
