0 0.259766 0.478472 0.121094 0.165278
0 0.331250 0.591667 0.082812 0.208333
0 0.451562 0.568750 0.079687 0.168056
0 0.586719 0.720833 0.156250 0.238889
0 0.385156 0.406250 0.076563 0.129167
0 0.532813 0.384028 0.079687 0.101389
0 0.417187 0.294444 0.037500 0.072222
0 0.672266 0.368056 0.086719 0.075000
0 0.730078 0.450000 0.125781 0.100000
0 0.894531 0.695833 0.203125 0.205556
0 0.900391 0.534028 0.149219 0.162500
0 0.871094 0.414583 0.103125 0.101389
0 0.857422 0.336111 0.083594 0.102778
0 0.727344 0.288889 0.040625 0.063889
0 0.720313 0.225694 0.065625 0.056944
0 0.603906 0.231250 0.050000 0.068056
0 0.467969 0.336806 0.037500 0.098611
0 0.525781 0.300694 0.059375 0.098611
0 0.287109 0.315972 0.061719 0.093056
