0 0.224609 0.479861 0.122656 0.159722
0 0.411328 0.847222 0.189844 0.305556
0 0.583594 0.733333 0.125000 0.238889
0 0.378516 0.368750 0.074219 0.095833
0 0.542188 0.434722 0.107813 0.100000
0 0.408594 0.274306 0.054688 0.090278
0 0.467578 0.273611 0.038281 0.100000
0 0.532422 0.300694 0.067969 0.118056
0 0.625781 0.265278 0.062500 0.094444
0 0.695312 0.377083 0.065625 0.087500
0 0.852734 0.454861 0.152344 0.165278
0 0.807813 0.324306 0.092188 0.106944
0 0.631250 0.202778 0.035937 0.055556
0 0.604688 0.155556 0.015625 0.033333
0 0.579297 0.165972 0.027344 0.081944
0 0.914062 0.332639 0.081250 0.134722
0 0.732031 0.197917 0.032813 0.059722
0 0.783203 0.227083 0.033594 0.065278
0 0.292187 0.368056 0.092188 0.122222
0 0.326953 0.572917 0.086719 0.195833
