0 0.061328 0.874306 0.099219 0.251389
0 0.247656 0.791667 0.143750 0.263889
0 0.587109 0.707639 0.139844 0.168056
0 0.428516 0.742361 0.114844 0.240278
0 0.357031 0.499306 0.092188 0.151389
0 0.395703 0.392361 0.069531 0.087500
0 0.470703 0.453472 0.067969 0.134722
0 0.465625 0.330556 0.051562 0.119444
0 0.526563 0.359722 0.039062 0.102778
0 0.376563 0.282639 0.073438 0.070833
0 0.783594 0.540278 0.187500 0.136111
0 0.671484 0.337500 0.067969 0.086111
0 0.801172 0.432639 0.071094 0.120833
0 0.831250 0.386806 0.110937 0.118056
0 0.848828 0.321528 0.072656 0.065278
0 0.955469 0.434028 0.089063 0.179167
0 0.670703 0.259722 0.060156 0.083333
0 0.757812 0.240278 0.075000 0.083333
0 0.611328 0.216667 0.091406 0.083333
