0 0.153516 0.627083 0.160156 0.218056
0 0.309375 0.685417 0.118750 0.234722
0 0.569922 0.709722 0.158594 0.236111
0 0.384375 0.386111 0.043750 0.083333
0 0.451953 0.463889 0.078906 0.119444
0 0.412500 0.304167 0.054688 0.075000
0 0.294922 0.401389 0.083594 0.147222
0 0.531641 0.409722 0.080469 0.111111
0 0.473438 0.272917 0.045312 0.095833
0 0.676172 0.358333 0.088281 0.105556
0 0.765625 0.372917 0.073438 0.090278
0 0.778125 0.540972 0.156250 0.148611
0 0.628516 0.280556 0.042969 0.077778
0 0.601562 0.230556 0.054688 0.072222
0 0.665625 0.247222 0.045312 0.072222
0 0.712891 0.245833 0.060156 0.058333
0 0.520703 0.291667 0.039844 0.055556
0 0.937109 0.331944 0.089844 0.144444
0 0.842187 0.260417 0.073438 0.109722
