0 0.332813 0.602778 0.140625 0.166667
0 0.426953 0.858333 0.172656 0.272222
0 0.319922 0.380556 0.086719 0.094444
0 0.360547 0.440278 0.086719 0.116667
0 0.392578 0.365278 0.060156 0.080556
0 0.525391 0.392361 0.047656 0.106944
0 0.387891 0.252778 0.046094 0.061111
0 0.519531 0.293056 0.043750 0.077778
0 0.473828 0.229167 0.039844 0.044444
0 0.856641 0.727778 0.214844 0.250000
0 0.741016 0.342361 0.066406 0.098611
0 0.635547 0.307639 0.063281 0.112500
0 0.677344 0.273611 0.068750 0.091667
0 0.798438 0.292361 0.079687 0.104167
0 0.678906 0.240278 0.067187 0.086111
0 0.623047 0.190278 0.033594 0.063889
0 0.664453 0.173611 0.033594 0.058333
0 0.584766 0.185417 0.035156 0.054167
0 0.957812 0.518056 0.084375 0.252778
