0 0.186328 0.618750 0.149219 0.309722
0 0.441406 0.621528 0.128125 0.234722
0 0.262891 0.484722 0.103906 0.175000
0 0.550000 0.496528 0.101562 0.140278
0 0.392969 0.367361 0.057813 0.120833
0 0.294141 0.378472 0.066406 0.112500
0 0.332031 0.351389 0.064062 0.116667
0 0.463281 0.394444 0.051562 0.108333
0 0.925781 0.560417 0.148438 0.193056
0 0.677344 0.373611 0.075000 0.105556
0 0.803906 0.334028 0.078125 0.076389
0 0.697656 0.282639 0.065625 0.079167
0 0.786719 0.265972 0.082812 0.095833
0 0.675000 0.199306 0.045312 0.034722
0 0.371484 0.248611 0.050781 0.063889
0 0.534766 0.333333 0.071094 0.100000
0 0.465625 0.322917 0.048438 0.095833
0 0.523047 0.252083 0.049219 0.062500
0 0.482031 0.233333 0.035937 0.069444
0 0.619531 0.261111 0.037500 0.072222
0 0.580078 0.178472 0.021094 0.059722
0 0.496094 0.179167 0.025000 0.041667
0 0.616406 0.159028 0.040625 0.045833
