0 0.200781 0.602778 0.126562 0.308333
0 0.267578 0.441667 0.092969 0.208333
0 0.363281 0.467361 0.092188 0.170833
0 0.437500 0.716667 0.153125 0.327778
0 0.561328 0.565278 0.072656 0.213889
0 0.460547 0.415972 0.083594 0.179167
0 0.324609 0.347917 0.072656 0.123611
0 0.748047 0.539583 0.136719 0.234722
0 0.676562 0.324306 0.107813 0.143056
0 0.928906 0.567361 0.142187 0.270833
0 0.830469 0.334028 0.110937 0.115278
0 0.807422 0.256944 0.077344 0.097222
0 0.626953 0.228472 0.049219 0.084722
0 0.342969 0.293750 0.057813 0.101389
0 0.521484 0.283333 0.057031 0.111111
0 0.472656 0.252083 0.034375 0.137500
0 0.428906 0.252778 0.060937 0.083333
0 0.582812 0.170833 0.031250 0.066667
0 0.389453 0.228472 0.042969 0.059722
