0 0.053906 0.853472 0.089063 0.284722
0 0.291797 0.670833 0.096094 0.247222
0 0.227734 0.490972 0.122656 0.190278
0 0.441016 0.653472 0.144531 0.279167
0 0.358203 0.436806 0.075781 0.156944
0 0.235156 0.344444 0.078125 0.102778
0 0.302344 0.383333 0.045312 0.125000
0 0.456641 0.418056 0.085156 0.136111
0 0.337109 0.300694 0.085156 0.115278
0 0.305469 0.249306 0.075000 0.090278
0 0.419141 0.278472 0.055469 0.070833
0 0.375781 0.251389 0.039062 0.052778
0 0.544141 0.304167 0.088281 0.108333
0 0.479297 0.250000 0.039844 0.111111
0 0.726172 0.422917 0.105469 0.120833
0 0.619141 0.220833 0.053906 0.050000
0 0.586328 0.174306 0.039844 0.084722
0 0.934375 0.354861 0.131250 0.118056
0 0.762891 0.292361 0.071094 0.134722
0 0.628906 0.175694 0.048438 0.065278
0 0.513672 0.208333 0.055469 0.108333
