0 0.105078 0.761111 0.152344 0.325000
0 0.213672 0.579167 0.108594 0.172222
0 0.259375 0.482639 0.098437 0.220833
0 0.285156 0.411806 0.092188 0.176389
0 0.451953 0.603472 0.077344 0.348611
0 0.467969 0.411111 0.082812 0.166667
0 0.587891 0.698611 0.180469 0.263889
0 0.214062 0.876389 0.157812 0.247222
0 0.900391 0.714583 0.199219 0.298611
0 0.342969 0.314583 0.070312 0.106944
0 0.394531 0.225694 0.059375 0.054167
0 0.521484 0.297917 0.074219 0.068056
0 0.807813 0.343750 0.071875 0.131944
0 0.846094 0.272222 0.092188 0.058333
0 0.900391 0.356944 0.078906 0.133333
0 0.647266 0.298611 0.088281 0.111111
0 0.680859 0.277778 0.074219 0.108333
0 0.596484 0.213194 0.032031 0.065278
0 0.689844 0.221528 0.039062 0.070833
0 0.712109 0.208333 0.041406 0.080556
