0 0.094141 0.760417 0.161719 0.293056
0 0.216406 0.597222 0.096875 0.244444
0 0.252734 0.481250 0.074219 0.198611
0 0.346484 0.564583 0.097656 0.165278
0 0.437109 0.655556 0.130469 0.272222
0 0.309375 0.358333 0.050000 0.141667
0 0.476953 0.398611 0.064844 0.155556
0 0.401172 0.305556 0.078906 0.097222
0 0.539453 0.336111 0.075781 0.127778
0 0.474609 0.315278 0.049219 0.113889
0 0.714453 0.429861 0.099219 0.104167
0 0.935937 0.404861 0.123438 0.118056
0 0.739453 0.331944 0.089844 0.136111
0 0.658984 0.233333 0.032031 0.077778
0 0.717187 0.214583 0.056250 0.084722
0 0.594531 0.179861 0.043750 0.059722
0 0.519922 0.209722 0.025781 0.050000
