0 0.141406 0.711806 0.178125 0.243056
0 0.238281 0.512500 0.073438 0.130556
0 0.338281 0.520139 0.092188 0.184722
0 0.452734 0.602778 0.107031 0.241667
0 0.576562 0.682639 0.107813 0.243056
0 0.451562 0.421528 0.060937 0.137500
0 0.395703 0.341667 0.055469 0.108333
0 0.535547 0.393750 0.064844 0.109722
0 0.291016 0.390972 0.066406 0.126389
0 0.327344 0.346528 0.046875 0.112500
0 0.364063 0.271528 0.048438 0.076389
0 0.473828 0.296528 0.064844 0.095833
0 0.765625 0.334028 0.090625 0.087500
0 0.667578 0.329861 0.096094 0.120833
0 0.646875 0.222917 0.051562 0.068056
0 0.585547 0.188194 0.039844 0.051389
0 0.484766 0.196528 0.027344 0.081944
0 0.356250 0.215278 0.046875 0.108333
0 0.581250 0.154861 0.029687 0.073611
