0 0.412500 0.791667 0.145313 0.316667
0 0.058984 0.843750 0.100781 0.276389
0 0.217969 0.540278 0.112500 0.213889
0 0.300000 0.402778 0.090625 0.127778
0 0.385937 0.400694 0.084375 0.112500
0 0.466016 0.364583 0.082031 0.123611
0 0.552734 0.490972 0.100781 0.179167
0 0.900000 0.714583 0.192188 0.351389
0 0.663281 0.336111 0.078125 0.136111
0 0.768359 0.350694 0.099219 0.115278
0 0.869141 0.308333 0.113281 0.138889
0 0.601562 0.203472 0.042188 0.045833
0 0.760938 0.272222 0.064062 0.080556
0 0.657813 0.209722 0.046875 0.080556
0 0.771484 0.232639 0.060156 0.087500
0 0.333594 0.313194 0.051562 0.073611
0 0.404297 0.308333 0.057031 0.063889
0 0.483594 0.273611 0.073438 0.097222
0 0.428906 0.236806 0.053125 0.051389
0 0.313672 0.256250 0.046094 0.101389
0 0.460938 0.202083 0.046875 0.087500
0 0.529297 0.219444 0.050781 0.061111
