0 0.225781 0.843750 0.137500 0.312500
0 0.085938 0.791667 0.146875 0.347222
0 0.426172 0.820833 0.150781 0.297222
0 0.591797 0.625694 0.163281 0.270833
0 0.241797 0.483333 0.136719 0.208333
0 0.289062 0.404861 0.085938 0.118056
0 0.251172 0.359028 0.082031 0.151389
0 0.393750 0.390278 0.095312 0.116667
0 0.469141 0.372222 0.067969 0.144444
0 0.403125 0.309028 0.065625 0.120833
0 0.350000 0.309722 0.045312 0.119444
0 0.528516 0.292361 0.052344 0.104167
0 0.477734 0.267361 0.041406 0.118056
0 0.435156 0.236806 0.042188 0.087500
0 0.729297 0.378472 0.088281 0.140278
0 0.708594 0.267361 0.076563 0.081944
0 0.849219 0.334028 0.089063 0.126389
0 0.907422 0.500694 0.172656 0.223611
