0 0.082422 0.836806 0.125781 0.326389
0 0.304688 0.648611 0.089063 0.252778
0 0.217188 0.526389 0.104688 0.163889
0 0.443359 0.673611 0.117969 0.269444
0 0.359375 0.434028 0.067187 0.129167
0 0.460156 0.418056 0.104688 0.155556
0 0.549219 0.461111 0.085938 0.211111
0 0.326172 0.354861 0.063281 0.129167
0 0.410547 0.313194 0.064844 0.112500
0 0.214062 0.350694 0.089063 0.137500
0 0.544531 0.291667 0.078125 0.108333
0 0.448828 0.204167 0.057031 0.097222
0 0.485938 0.242361 0.035937 0.095833
0 0.737109 0.283333 0.080469 0.088889
0 0.808984 0.560417 0.152344 0.237500
0 0.797656 0.315972 0.090625 0.134722
0 0.896484 0.508333 0.142969 0.183333
0 0.942969 0.436806 0.114062 0.206944
0 0.620313 0.238889 0.043750 0.063889
0 0.600391 0.173611 0.041406 0.069444
0 0.662500 0.202083 0.054688 0.087500
0 0.396484 0.206944 0.055469 0.075000
