0 0.169922 0.669444 0.146094 0.205556
0 0.264062 0.901389 0.228125 0.188889
0 0.350391 0.572917 0.102344 0.179167
0 0.873828 0.754167 0.189844 0.238889
0 0.283594 0.452778 0.079687 0.105556
0 0.385547 0.425000 0.053906 0.100000
0 0.460156 0.443750 0.062500 0.104167
0 0.758984 0.569444 0.167969 0.105556
0 0.822266 0.399306 0.067969 0.070833
0 0.644922 0.360417 0.066406 0.059722
0 0.620313 0.295833 0.054688 0.075000
0 0.660547 0.287500 0.035156 0.047222
0 0.423047 0.313194 0.035156 0.048611
0 0.469141 0.338194 0.041406 0.059722
0 0.525781 0.343750 0.039062 0.062500
0 0.478516 0.299306 0.025781 0.040278
0 0.439453 0.268056 0.035156 0.066667
0 0.773438 0.298611 0.051562 0.052778
0 0.702734 0.441667 0.077344 0.119444
