0 0.243750 0.668750 0.143750 0.359722
0 0.432031 0.825000 0.214062 0.341667
0 0.528125 0.438889 0.078125 0.175000
0 0.345313 0.463194 0.101562 0.143056
0 0.253125 0.394444 0.081250 0.158333
0 0.393750 0.295833 0.068750 0.158333
0 0.508203 0.338194 0.069531 0.123611
0 0.327734 0.304167 0.066406 0.133333
0 0.380859 0.209722 0.067969 0.097222
0 0.504687 0.245139 0.054688 0.076389
0 0.615625 0.267361 0.070312 0.134722
0 0.691406 0.406944 0.106250 0.125000
0 0.748828 0.368750 0.080469 0.126389
0 0.893359 0.438194 0.114844 0.165278
0 0.668359 0.211111 0.074219 0.088889
0 0.739844 0.259722 0.084375 0.105556
0 0.575391 0.182639 0.061719 0.101389
