0 0.168750 0.554861 0.157812 0.229167
0 0.435156 0.482639 0.073438 0.184722
0 0.532813 0.494444 0.082812 0.194444
0 0.322656 0.340278 0.068750 0.125000
0 0.399609 0.335417 0.055469 0.134722
0 0.452734 0.325000 0.058594 0.127778
0 0.499219 0.259722 0.048438 0.108333
0 0.467578 0.254861 0.035156 0.093056
0 0.421484 0.250000 0.058594 0.088889
0 0.389062 0.229861 0.064062 0.120833
0 0.704297 0.450000 0.096094 0.169444
0 0.796484 0.286111 0.089844 0.119444
0 0.592969 0.150694 0.045312 0.062500
0 0.442578 0.177083 0.044531 0.081944
