0 0.060547 0.810417 0.119531 0.340278
0 0.221094 0.742361 0.167187 0.354167
0 0.554297 0.609722 0.146094 0.352778
0 0.431641 0.411806 0.071094 0.170833
0 0.339453 0.401389 0.085156 0.166667
0 0.180469 0.465278 0.184375 0.172222
0 0.266797 0.358333 0.088281 0.177778
0 0.376563 0.310417 0.068750 0.148611
0 0.454688 0.288194 0.068750 0.137500
0 0.404297 0.245833 0.074219 0.138889
0 0.514844 0.248611 0.087500 0.158333
0 0.469922 0.190972 0.063281 0.123611
0 0.627734 0.269444 0.077344 0.136111
0 0.717969 0.320833 0.073438 0.150000
0 0.933594 0.492361 0.132812 0.234722
0 0.813281 0.291667 0.076563 0.166667
0 0.736719 0.250000 0.057813 0.136111
0 0.616016 0.173611 0.063281 0.100000
0 0.691016 0.163194 0.058594 0.101389
