0 0.123438 0.660417 0.162500 0.340278
0 0.323047 0.474306 0.089844 0.168056
0 0.443359 0.440972 0.082031 0.201389
0 0.525000 0.398611 0.059375 0.155556
0 0.268750 0.345833 0.090625 0.180556
0 0.339062 0.276389 0.050000 0.141667
0 0.397656 0.270139 0.062500 0.151389
0 0.456641 0.280556 0.058594 0.100000
0 0.504687 0.264583 0.039062 0.090278
0 0.842578 0.457639 0.135156 0.215278
0 0.646875 0.280556 0.073438 0.127778
0 0.583203 0.184028 0.052344 0.104167
0 0.465625 0.190278 0.037500 0.086111
0 0.629297 0.145139 0.032031 0.070833
