0 0.380859 0.868056 0.172656 0.263889
0 0.302344 0.542361 0.082812 0.240278
0 0.523438 0.384028 0.100000 0.176389
0 0.443750 0.380556 0.067187 0.180556
0 0.355078 0.401389 0.096094 0.161111
0 0.442578 0.283333 0.050781 0.152778
0 0.502734 0.266667 0.044531 0.130556
0 0.400781 0.243750 0.045312 0.112500
0 0.189844 0.511806 0.126562 0.206944
0 0.081250 0.704167 0.142187 0.297222
0 0.688672 0.288194 0.066406 0.112500
0 0.755859 0.238889 0.057031 0.125000
0 0.595703 0.222222 0.042969 0.091667
0 0.650000 0.143056 0.023438 0.061111
