0 0.419141 0.780556 0.128906 0.330556
0 0.579297 0.844444 0.132031 0.305556
0 0.530859 0.495833 0.085156 0.233333
0 0.510547 0.364583 0.078906 0.193056
0 0.432422 0.418056 0.077344 0.205556
0 0.344922 0.442361 0.096094 0.193056
0 0.263672 0.365972 0.085156 0.159722
0 0.192578 0.500000 0.102344 0.230556
0 0.094531 0.422917 0.140625 0.259722
0 0.380469 0.315278 0.060937 0.175000
0 0.500000 0.287500 0.046875 0.113889
0 0.415625 0.260417 0.067187 0.118056
0 0.500391 0.232639 0.057031 0.101389
0 0.694531 0.414583 0.100000 0.162500
0 0.835547 0.475000 0.121094 0.172222
0 0.876172 0.369444 0.099219 0.163889
0 0.742969 0.279167 0.089063 0.105556
0 0.585938 0.203472 0.101562 0.123611
0 0.653906 0.179167 0.054688 0.119444
