0 0.073828 0.771528 0.135156 0.381944
0 0.238281 0.778472 0.126562 0.345833
0 0.567578 0.848611 0.194531 0.302778
0 0.422656 0.574306 0.117188 0.215278
0 0.326953 0.522222 0.114844 0.236111
0 0.529297 0.395833 0.080469 0.163889
0 0.440625 0.394444 0.095312 0.183333
0 0.389453 0.323611 0.063281 0.133333
0 0.455859 0.302083 0.063281 0.137500
0 0.498828 0.227083 0.077344 0.106944
0 0.183984 0.530556 0.155469 0.236111
0 0.700391 0.390972 0.089844 0.165278
0 0.724609 0.318056 0.105469 0.130556
0 0.829297 0.295833 0.085156 0.177778
0 0.731641 0.215278 0.050781 0.155556
0 0.597656 0.229861 0.110937 0.181944
0 0.428516 0.177083 0.041406 0.056944
0 0.503516 0.210417 0.035156 0.070833
0 0.487109 0.145833 0.039844 0.033333
0 0.353906 0.211111 0.064062 0.063889
