0 0.182031 0.489583 0.173437 0.190278
0 0.205859 0.709722 0.153906 0.302778
0 0.389062 0.824306 0.162500 0.351389
0 0.589063 0.836806 0.173437 0.326389
0 0.433984 0.443750 0.089844 0.173611
0 0.301563 0.472222 0.142187 0.202778
0 0.268750 0.363889 0.107813 0.188889
0 0.369141 0.329167 0.075781 0.186111
0 0.394141 0.259722 0.069531 0.172222
0 0.446484 0.262500 0.049219 0.166667
0 0.512109 0.307639 0.088281 0.201389
0 0.457422 0.186111 0.067969 0.113889
0 0.501563 0.170139 0.039062 0.112500
0 0.875000 0.380556 0.117188 0.183333
0 0.956641 0.360417 0.086719 0.148611
0 0.619922 0.251389 0.099219 0.141667
0 0.679688 0.231944 0.057813 0.113889
0 0.689063 0.200000 0.051562 0.086111
0 0.741406 0.200694 0.043750 0.101389
0 0.676172 0.131944 0.027344 0.061111
