0 0.186719 0.529861 0.142187 0.206944
0 0.557813 0.635417 0.117188 0.268056
0 0.438672 0.465278 0.075781 0.147222
0 0.353516 0.434028 0.078906 0.151389
0 0.301953 0.351389 0.044531 0.125000
0 0.521094 0.375694 0.078125 0.140278
0 0.405078 0.300000 0.083594 0.175000
0 0.473828 0.284722 0.063281 0.158333
0 0.351562 0.248611 0.076563 0.130556
0 0.655078 0.343056 0.091406 0.144444
0 0.897656 0.524306 0.181250 0.168056
0 0.802344 0.335417 0.123438 0.220833
0 0.944531 0.390972 0.110937 0.181944
0 0.655078 0.178472 0.072656 0.070833
0 0.438672 0.182639 0.030469 0.048611
0 0.471875 0.205556 0.023438 0.077778
