0 0.101562 0.634722 0.160938 0.275000
0 0.267578 0.642361 0.105469 0.243056
0 0.542578 0.708333 0.121094 0.311111
0 0.514844 0.411111 0.060937 0.158333
0 0.261328 0.429861 0.091406 0.095833
0 0.314063 0.307639 0.051562 0.137500
0 0.402734 0.259722 0.049219 0.161111
0 0.521094 0.303472 0.062500 0.109722
0 0.446094 0.229861 0.062500 0.070833
0 0.745703 0.340972 0.083594 0.109722
0 0.933203 0.390972 0.117969 0.181944
0 0.712109 0.225694 0.085156 0.123611
0 0.591406 0.242361 0.073438 0.143056
0 0.671094 0.281250 0.067187 0.112500
0 0.796094 0.270833 0.065625 0.088889
0 0.503906 0.243750 0.050000 0.090278
