0 0.173047 0.579167 0.141406 0.225000
0 0.576562 0.710417 0.126562 0.326389
0 0.433594 0.568750 0.101562 0.195833
0 0.342187 0.445833 0.092188 0.213889
0 0.539453 0.431250 0.111719 0.170833
0 0.319531 0.330556 0.065625 0.119444
0 0.270703 0.285417 0.071094 0.123611
0 0.389844 0.274306 0.056250 0.101389
0 0.457422 0.268750 0.038281 0.076389
0 0.514844 0.284722 0.062500 0.105556
0 0.416016 0.220833 0.038281 0.100000
0 0.339062 0.263889 0.037500 0.102778
0 0.375391 0.210417 0.035156 0.120833
0 0.709375 0.308333 0.112500 0.177778
0 0.844531 0.361806 0.103125 0.148611
