0 0.185156 0.871528 0.196875 0.256944
0 0.557422 0.720833 0.146094 0.350000
0 0.326172 0.549306 0.149219 0.270833
0 0.187109 0.514583 0.121094 0.251389
0 0.373828 0.386806 0.057031 0.173611
0 0.449219 0.421528 0.068750 0.237500
0 0.516016 0.390278 0.082031 0.188889
0 0.514844 0.313194 0.062500 0.151389
0 0.394922 0.313889 0.080469 0.113889
0 0.417187 0.247222 0.043750 0.116667
0 0.467578 0.240972 0.057031 0.098611
0 0.507812 0.206250 0.045312 0.090278
0 0.881250 0.375694 0.132812 0.140278
0 0.584375 0.197917 0.065625 0.095833
0 0.735156 0.231250 0.076563 0.151389
0 0.648438 0.207639 0.071875 0.115278
0 0.559766 0.139583 0.050781 0.056944
0 0.292578 0.322222 0.105469 0.133333
