0 0.144531 0.539583 0.168750 0.245833
0 0.286719 0.656250 0.128125 0.220833
0 0.564844 0.747917 0.176563 0.270833
0 0.519922 0.406944 0.091406 0.152778
0 0.364453 0.393056 0.078906 0.119444
0 0.311328 0.318056 0.064844 0.088889
0 0.338281 0.272222 0.060937 0.083333
0 0.387891 0.271528 0.061719 0.087500
0 0.452344 0.270139 0.070312 0.084722
0 0.505469 0.309722 0.067187 0.105556
0 0.464062 0.197917 0.051562 0.059722
0 0.417578 0.196528 0.057031 0.079167
0 0.647266 0.312500 0.096094 0.138889
0 0.729297 0.318750 0.096094 0.126389
0 0.503125 0.170833 0.050000 0.069444
