0 0.269922 0.657639 0.125781 0.334722
0 0.428516 0.652778 0.114844 0.297222
0 0.563281 0.663889 0.134375 0.344444
0 0.546875 0.477778 0.095312 0.238889
0 0.366406 0.431250 0.075000 0.243056
0 0.456250 0.371528 0.092188 0.279167
0 0.177734 0.456944 0.161719 0.202778
0 0.299219 0.301389 0.082812 0.211111
0 0.396484 0.301389 0.071094 0.175000
0 0.467187 0.275694 0.051562 0.148611
0 0.504687 0.240278 0.046875 0.105556
0 0.467969 0.195833 0.064062 0.088889
0 0.512109 0.195139 0.061719 0.076389
0 0.355078 0.211806 0.047656 0.051389
0 0.746094 0.434028 0.109375 0.187500
0 0.795703 0.326389 0.130469 0.175000
0 0.594922 0.220833 0.061719 0.130556
0 0.696875 0.231944 0.068750 0.125000
0 0.700781 0.186806 0.053125 0.101389
0 0.610938 0.131944 0.029687 0.052778
0 0.649219 0.139583 0.025000 0.084722
