0 0.239063 0.688889 0.148438 0.247222
0 0.400781 0.751389 0.131250 0.327778
0 0.572656 0.651389 0.137500 0.272222
0 0.508203 0.370139 0.069531 0.140278
0 0.517969 0.292361 0.067187 0.118056
0 0.448437 0.369444 0.067187 0.158333
0 0.350781 0.423611 0.103125 0.161111
0 0.219531 0.458333 0.145313 0.186111
0 0.285547 0.327778 0.110156 0.150000
0 0.056250 0.793056 0.109375 0.325000
0 0.346094 0.218056 0.056250 0.094444
0 0.457031 0.235417 0.056250 0.081944
0 0.430469 0.163194 0.040625 0.065278
0 0.615234 0.263194 0.071094 0.129167
0 0.725781 0.279167 0.071875 0.158333
0 0.766406 0.238889 0.089063 0.136111
0 0.855859 0.479861 0.125781 0.176389
0 0.680859 0.176389 0.055469 0.119444
0 0.629687 0.150000 0.046875 0.075000
