0 0.219922 0.850000 0.246094 0.300000
0 0.191797 0.521528 0.130469 0.212500
0 0.324609 0.544444 0.099219 0.211111
0 0.316797 0.305556 0.085156 0.113889
0 0.447656 0.432639 0.071875 0.154167
0 0.539844 0.559028 0.103125 0.190278
0 0.521094 0.353472 0.057813 0.145833
0 0.461719 0.277778 0.048438 0.122222
0 0.426172 0.218750 0.038281 0.076389
0 0.513672 0.254861 0.044531 0.118056
0 0.468359 0.203472 0.032031 0.098611
0 0.670312 0.218056 0.034375 0.088889
0 0.689844 0.297222 0.073438 0.091667
0 0.776172 0.303472 0.058594 0.095833
