0 0.168750 0.875000 0.182812 0.250000
0 0.575000 0.848611 0.265625 0.302778
0 0.425000 0.626389 0.104688 0.311111
0 0.537891 0.518750 0.113281 0.231944
0 0.528125 0.387500 0.089063 0.183333
0 0.449609 0.379861 0.099219 0.193056
0 0.324609 0.447917 0.107031 0.176389
0 0.221094 0.421528 0.095312 0.218056
0 0.326562 0.309722 0.053125 0.122222
0 0.343359 0.235417 0.097656 0.143056
0 0.399219 0.240972 0.070312 0.118056
0 0.456250 0.247222 0.054688 0.116667
0 0.501953 0.249306 0.064844 0.101389
0 0.762109 0.222222 0.064844 0.083333
0 0.882031 0.355556 0.128125 0.161111
0 0.688281 0.184722 0.045312 0.091667
0 0.614453 0.168056 0.083594 0.141667
0 0.566016 0.168056 0.063281 0.127778
0 0.472266 0.161111 0.069531 0.063889
