0 0.092578 0.695139 0.172656 0.243056
0 0.247656 0.841667 0.240625 0.308333
0 0.452344 0.526389 0.114062 0.233333
0 0.340625 0.509722 0.109375 0.200000
0 0.289844 0.381944 0.085938 0.127778
0 0.387109 0.351389 0.075781 0.136111
0 0.340234 0.279167 0.053906 0.102778
0 0.519141 0.322222 0.067969 0.108333
0 0.464453 0.309028 0.046094 0.112500
0 0.400000 0.254167 0.054688 0.080556
0 0.469141 0.240278 0.046094 0.091667
0 0.521875 0.250000 0.068750 0.086111
0 0.885156 0.406250 0.125000 0.156944
0 0.652344 0.338194 0.106250 0.162500
