0 0.162891 0.597222 0.158594 0.266667
0 0.265234 0.398611 0.086719 0.172222
0 0.385547 0.366667 0.089844 0.194444
0 0.449219 0.354861 0.100000 0.162500
0 0.524219 0.404861 0.056250 0.145833
0 0.543359 0.527083 0.119531 0.220833
0 0.319141 0.325000 0.071094 0.133333
0 0.403906 0.272222 0.057813 0.116667
0 0.456250 0.271528 0.056250 0.101389
0 0.496094 0.254167 0.039062 0.086111
0 0.733594 0.377778 0.092188 0.127778
0 0.934766 0.383333 0.117969 0.122222
0 0.926953 0.491667 0.146094 0.166667
0 0.744922 0.296528 0.113281 0.140278
0 0.607031 0.191667 0.032813 0.055556
0 0.662109 0.216667 0.042969 0.083333
