0 0.201953 0.530556 0.121094 0.222222
0 0.312109 0.515278 0.102344 0.236111
0 0.433594 0.518750 0.104688 0.223611
0 0.559766 0.629861 0.139844 0.304167
0 0.732812 0.472917 0.126562 0.212500
0 0.835547 0.476389 0.116406 0.202778
0 0.860938 0.373611 0.107813 0.147222
0 0.649609 0.238194 0.052344 0.112500
0 0.516797 0.287500 0.047656 0.100000
0 0.457813 0.260417 0.040625 0.098611
0 0.402734 0.279167 0.057031 0.108333
0 0.330469 0.313194 0.084375 0.126389
0 0.506641 0.236806 0.042969 0.106944
0 0.430469 0.208333 0.045312 0.100000
0 0.364063 0.224306 0.054688 0.087500
0 0.506250 0.171528 0.037500 0.081944
0 0.615234 0.132639 0.025781 0.051389
