0 0.230859 0.381250 0.132031 0.151389
0 0.314453 0.545833 0.099219 0.188889
0 0.444922 0.589583 0.135156 0.256944
0 0.523438 0.444444 0.103125 0.222222
0 0.448828 0.380556 0.082031 0.161111
0 0.371484 0.377778 0.107031 0.150000
0 0.320703 0.293750 0.077344 0.112500
0 0.400781 0.275694 0.082812 0.151389
0 0.453125 0.259722 0.068750 0.111111
0 0.513281 0.306250 0.057813 0.098611
0 0.508203 0.266667 0.072656 0.069444
0 0.465234 0.192361 0.033594 0.070833
0 0.507031 0.194444 0.043750 0.072222
0 0.389062 0.177778 0.051562 0.080556
0 0.757031 0.491667 0.145313 0.183333
0 0.925000 0.550000 0.150000 0.236111
0 0.788281 0.319444 0.081250 0.161111
0 0.853516 0.281250 0.091406 0.162500
0 0.690234 0.220139 0.064844 0.101389
0 0.564844 0.145139 0.043750 0.068056
0 0.595313 0.145833 0.043750 0.080556
0 0.654297 0.150694 0.049219 0.106944
