0 0.107813 0.655556 0.164062 0.266667
0 0.396484 0.761111 0.150781 0.302778
0 0.558984 0.634028 0.141406 0.256944
0 0.534375 0.406944 0.076563 0.252778
0 0.437109 0.376389 0.082031 0.175000
0 0.309766 0.438194 0.082031 0.201389
0 0.356641 0.359722 0.069531 0.138889
0 0.275781 0.350694 0.115625 0.187500
0 0.393750 0.280556 0.067187 0.125000
0 0.454688 0.285417 0.062500 0.120833
0 0.464844 0.201389 0.046875 0.077778
0 0.506250 0.185417 0.040625 0.101389
0 0.323437 0.255556 0.062500 0.119444
0 0.674609 0.260417 0.075781 0.095833
0 0.720703 0.427778 0.144531 0.141667
0 0.677734 0.186806 0.060156 0.090278
0 0.734766 0.195833 0.071094 0.122222
0 0.816797 0.255556 0.066406 0.144444
0 0.602344 0.139583 0.057813 0.118056
