0 0.326172 0.593750 0.097656 0.201389
0 0.430469 0.736806 0.115625 0.243056
0 0.594922 0.752083 0.125781 0.234722
0 0.325000 0.424306 0.064062 0.076389
0 0.239063 0.406944 0.087500 0.058333
0 0.458203 0.446528 0.058594 0.143056
0 0.540625 0.458333 0.084375 0.152778
0 0.416016 0.377778 0.061719 0.102778
0 0.689844 0.422222 0.075000 0.105556
0 0.773828 0.554861 0.150781 0.134722
0 0.707812 0.332639 0.081250 0.062500
0 0.642969 0.331250 0.059375 0.062500
0 0.600781 0.274306 0.037500 0.056944
0 0.840625 0.388889 0.120313 0.063889
0 0.951172 0.434028 0.097656 0.118056
0 0.915234 0.876389 0.169531 0.247222
0 0.468359 0.350694 0.050781 0.084722
0 0.426563 0.300000 0.023438 0.072222
0 0.518359 0.259028 0.016406 0.062500
