0 0.295312 0.562500 0.103125 0.244444
0 0.564063 0.847917 0.151562 0.295833
0 0.527344 0.511806 0.118750 0.209722
0 0.442969 0.415972 0.070312 0.156944
0 0.517969 0.381944 0.064062 0.163889
0 0.380469 0.366667 0.109375 0.147222
0 0.246875 0.444444 0.098437 0.169444
0 0.298438 0.350694 0.073438 0.140278
0 0.337500 0.273611 0.067187 0.113889
0 0.405859 0.234722 0.052344 0.094444
0 0.463281 0.260417 0.056250 0.148611
0 0.508984 0.254861 0.060156 0.093056
0 0.903516 0.467361 0.164844 0.245833
0 0.685547 0.427778 0.110156 0.186111
0 0.698047 0.314583 0.091406 0.137500
0 0.681250 0.220139 0.070312 0.204167
0 0.576172 0.190278 0.094531 0.161111
