0 0.288672 0.635417 0.110156 0.279167
0 0.431250 0.597222 0.107813 0.225000
0 0.565234 0.653472 0.117969 0.259722
0 0.083984 0.790278 0.147656 0.347222
0 0.248828 0.409028 0.110156 0.173611
0 0.354687 0.419444 0.078125 0.163889
0 0.445703 0.370139 0.061719 0.129167
0 0.532031 0.405556 0.067187 0.144444
0 0.407031 0.300694 0.062500 0.104167
0 0.467187 0.264583 0.054688 0.112500
0 0.510547 0.294444 0.057031 0.113889
0 0.366406 0.234722 0.054688 0.083333
0 0.471484 0.200000 0.028906 0.066667
0 0.645312 0.316667 0.064062 0.097222
0 0.750781 0.388194 0.079687 0.145833
0 0.838281 0.329167 0.076563 0.147222
0 0.667578 0.252778 0.061719 0.080556
0 0.696484 0.240972 0.053906 0.134722
0 0.587500 0.219444 0.034375 0.102778
0 0.641406 0.215278 0.051562 0.066667
0 0.638281 0.164583 0.034375 0.070833
