0 0.108203 0.597222 0.164844 0.302778
0 0.271094 0.640972 0.103125 0.318056
0 0.394922 0.843056 0.149219 0.313889
0 0.436719 0.472222 0.053125 0.177778
0 0.344531 0.381944 0.081250 0.163889
0 0.528906 0.400694 0.078125 0.270833
0 0.382812 0.331944 0.064062 0.175000
0 0.457422 0.262500 0.060156 0.138889
0 0.507031 0.248611 0.039062 0.097222
0 0.372266 0.202778 0.046094 0.058333
0 0.237500 0.414583 0.120313 0.129167
0 0.563672 0.163194 0.049219 0.098611
0 0.631641 0.213194 0.038281 0.098611
0 0.737109 0.256944 0.077344 0.111111
0 0.886719 0.318750 0.100000 0.120833
0 0.426563 0.171528 0.032813 0.084722
0 0.524219 0.177778 0.079687 0.105556
