0 0.173047 0.515278 0.174219 0.202778
0 0.227344 0.789583 0.189062 0.337500
0 0.364063 0.554861 0.093750 0.176389
0 0.561328 0.795833 0.178906 0.302778
0 0.547266 0.490972 0.100781 0.212500
0 0.847266 0.673611 0.192969 0.255556
0 0.803125 0.449306 0.123438 0.148611
0 0.766797 0.307639 0.096094 0.140278
0 0.571484 0.178472 0.032031 0.084722
0 0.607031 0.190278 0.039062 0.105556
0 0.630078 0.174306 0.035156 0.101389
0 0.692578 0.209028 0.044531 0.109722
0 0.367578 0.354167 0.092969 0.105556
0 0.446484 0.334722 0.074219 0.119444
0 0.501953 0.296528 0.067969 0.112500
0 0.456250 0.247917 0.062500 0.098611
0 0.396094 0.294444 0.065625 0.097222
0 0.318750 0.281250 0.084375 0.126389
0 0.355469 0.211806 0.065625 0.106944
0 0.463281 0.194444 0.037500 0.088889
0 0.506250 0.193750 0.042188 0.062500
