0 0.285547 0.587500 0.110156 0.286111
0 0.405859 0.709722 0.121094 0.327778
0 0.221875 0.393750 0.134375 0.209722
0 0.356641 0.361111 0.077344 0.172222
0 0.450000 0.393056 0.085938 0.211111
0 0.527734 0.429861 0.113281 0.173611
0 0.601953 0.868056 0.192969 0.263889
0 0.791797 0.520139 0.166406 0.209722
0 0.741797 0.345139 0.103906 0.187500
0 0.837109 0.365972 0.114844 0.156944
0 0.804688 0.265278 0.073438 0.058333
0 0.591016 0.215972 0.064844 0.120833
0 0.675781 0.173611 0.035937 0.127778
0 0.568359 0.144444 0.038281 0.061111
0 0.516797 0.317361 0.063281 0.156944
0 0.512109 0.226389 0.066406 0.138889
0 0.462891 0.207639 0.035156 0.115278
0 0.455469 0.261111 0.059375 0.105556
0 0.334766 0.275694 0.074219 0.112500
0 0.387891 0.311806 0.071094 0.120833
0 0.412891 0.229861 0.057031 0.145833
0 0.501172 0.134028 0.044531 0.070833
0 0.058203 0.815278 0.107031 0.369444
