0 0.303906 0.934028 0.143750 0.131944
0 0.312891 0.590278 0.055469 0.152778
0 0.407813 0.602083 0.070312 0.156944
0 0.604688 0.641667 0.067187 0.175000
0 0.737109 0.595833 0.092969 0.155556
0 0.539062 0.427778 0.032813 0.066667
0 0.592187 0.454167 0.035937 0.063889
0 0.586328 0.404167 0.030469 0.041667
0 0.369531 0.462500 0.031250 0.058333
0 0.416016 0.449306 0.038281 0.068056
0 0.431641 0.416667 0.022656 0.038889
0 0.466016 0.415972 0.032031 0.062500
0 0.469531 0.383333 0.023438 0.036111
0 0.526953 0.380556 0.021094 0.047222
