0 0.151172 0.704167 0.119531 0.225000
0 0.354297 0.574306 0.077344 0.140278
0 0.427344 0.599306 0.057813 0.120833
0 0.458984 0.482639 0.066406 0.101389
0 0.388281 0.483333 0.035937 0.050000
0 0.371484 0.459028 0.044531 0.059722
0 0.395703 0.434722 0.036719 0.044444
0 0.423828 0.424306 0.035156 0.065278
0 0.463672 0.425694 0.036719 0.045833
0 0.578125 0.453472 0.025000 0.048611
0 0.666406 0.515972 0.056250 0.115278
0 0.594141 0.417361 0.025781 0.029167
0 0.541406 0.414583 0.026562 0.034722
0 0.530078 0.391667 0.024219 0.025000
0 0.550391 0.369444 0.024219 0.027778
0 0.432812 0.375000 0.025000 0.033333
