0 0.290234 0.919444 0.192969 0.161111
0 0.266406 0.696528 0.110937 0.181944
0 0.227734 0.604861 0.117969 0.115278
0 0.615234 0.701389 0.088281 0.197222
0 0.730078 0.673611 0.125781 0.180556
0 0.562500 0.511806 0.048438 0.081944
0 0.603125 0.494444 0.039062 0.094444
0 0.345313 0.556944 0.075000 0.080556
0 0.422266 0.532639 0.053906 0.101389
0 0.339844 0.492361 0.042188 0.068056
0 0.384766 0.497222 0.049219 0.066667
0 0.546875 0.450694 0.051562 0.070833
0 0.607422 0.430556 0.047656 0.066667
0 0.566797 0.405556 0.044531 0.058333
0 0.417969 0.440278 0.042188 0.041667
0 0.464062 0.429861 0.039062 0.045833
0 0.385547 0.431944 0.028906 0.075000
0 0.037500 0.863194 0.070312 0.243056
