0 0.276953 0.920833 0.161719 0.158333
0 0.600391 0.587500 0.088281 0.147222
0 0.745313 0.587500 0.087500 0.097222
0 0.606250 0.500000 0.064062 0.061111
0 0.637500 0.477778 0.050000 0.061111
0 0.594141 0.412500 0.025781 0.044444
0 0.575391 0.425000 0.030469 0.058333
0 0.553906 0.406944 0.018750 0.044444
0 0.278516 0.548611 0.063281 0.063889
0 0.303906 0.631944 0.093750 0.083333
0 0.376563 0.529167 0.045312 0.086111
0 0.443750 0.504167 0.051562 0.088889
0 0.413672 0.459722 0.042969 0.063889
0 0.369922 0.452778 0.053906 0.063889
0 0.457422 0.446528 0.039844 0.059722
0 0.412109 0.419444 0.046094 0.038889
0 0.551172 0.354861 0.030469 0.020833
