0 0.401172 0.661806 0.083594 0.140278
0 0.338281 0.601389 0.081250 0.108333
0 0.325391 0.504167 0.049219 0.075000
0 0.379688 0.522222 0.053125 0.075000
0 0.415234 0.441667 0.032031 0.050000
0 0.462891 0.437500 0.028906 0.044444
0 0.610156 0.499306 0.031250 0.068056
0 0.657813 0.498611 0.045312 0.105556
0 0.806250 0.674306 0.107813 0.137500
0 0.531250 0.403472 0.026562 0.062500
0 0.567969 0.427083 0.037500 0.054167
0 0.569922 0.383333 0.027344 0.047222
0 0.399219 0.414583 0.021875 0.034722
0 0.466016 0.408333 0.024219 0.038889
