0 0.267969 0.554861 0.056250 0.065278
0 0.314453 0.604167 0.050781 0.086111
0 0.378906 0.708333 0.092188 0.136111
0 0.876953 0.904167 0.166406 0.191667
0 0.611719 0.629167 0.095312 0.125000
0 0.734375 0.593750 0.085938 0.168056
0 0.629297 0.475000 0.061719 0.086111
0 0.547266 0.460417 0.044531 0.070833
0 0.566016 0.418056 0.041406 0.061111
0 0.434375 0.527778 0.053125 0.091667
0 0.425781 0.455556 0.040625 0.069444
0 0.460547 0.438889 0.046094 0.086111
0 0.473047 0.410417 0.033594 0.051389
0 0.444141 0.398611 0.025781 0.047222
