0 0.322656 0.853472 0.142187 0.195833
0 0.261719 0.663889 0.100000 0.130556
0 0.402734 0.629861 0.072656 0.129167
0 0.426563 0.552083 0.067187 0.120833
0 0.765234 0.763194 0.125781 0.212500
0 0.571094 0.504167 0.053125 0.069444
0 0.577734 0.444444 0.036719 0.063889
0 0.616406 0.443056 0.042188 0.083333
0 0.538281 0.435417 0.037500 0.076389
0 0.533594 0.396528 0.028125 0.065278
0 0.449219 0.457639 0.048438 0.081944
0 0.410547 0.463194 0.033594 0.106944
0 0.416016 0.404167 0.039844 0.058333
0 0.457422 0.434722 0.014844 0.075000
