0 0.319531 0.604861 0.073438 0.112500
0 0.426172 0.584722 0.055469 0.097222
0 0.371094 0.525694 0.042188 0.068056
0 0.307812 0.509722 0.062500 0.066667
0 0.437109 0.506944 0.055469 0.083333
0 0.631641 0.528472 0.053906 0.118056
0 0.659375 0.495139 0.057813 0.101389
0 0.596875 0.417361 0.043750 0.045833
0 0.573047 0.393750 0.022656 0.029167
0 0.546094 0.388889 0.020313 0.025000
0 0.527344 0.370139 0.034375 0.051389
0 0.469531 0.425000 0.040625 0.047222
0 0.469922 0.390278 0.017969 0.038889
0 0.450781 0.381250 0.017188 0.020833
