0 0.247266 0.915278 0.177344 0.169444
0 0.272656 0.680556 0.095312 0.136111
0 0.360156 0.759028 0.106250 0.220833
0 0.830078 0.845139 0.174219 0.276389
0 0.654297 0.509722 0.061719 0.152778
0 0.559375 0.478472 0.051562 0.115278
0 0.612500 0.425000 0.076563 0.097222
0 0.571875 0.379167 0.025000 0.069444
0 0.272656 0.546528 0.075000 0.056944
0 0.333203 0.595139 0.074219 0.098611
0 0.391406 0.506250 0.064062 0.095833
0 0.445703 0.477778 0.047656 0.113889
0 0.393750 0.437500 0.046875 0.083333
0 0.463281 0.402778 0.037500 0.061111
0 0.546094 0.382639 0.034375 0.065278
