0 0.103906 0.906250 0.195312 0.187500
0 0.403516 0.625694 0.057031 0.118056
0 0.366406 0.543750 0.059375 0.093056
0 0.356250 0.477778 0.046875 0.066667
0 0.435547 0.510417 0.057031 0.073611
0 0.417187 0.452778 0.042188 0.066667
0 0.428125 0.404167 0.037500 0.033333
0 0.459766 0.430556 0.033594 0.052778
0 0.467187 0.398611 0.035937 0.044444
0 0.543750 0.425000 0.031250 0.047222
0 0.607812 0.443056 0.037500 0.058333
0 0.624609 0.514583 0.047656 0.073611
0 0.609766 0.609722 0.099219 0.111111
0 0.952344 0.848611 0.095312 0.272222
0 0.530078 0.383333 0.024219 0.025000
0 0.566406 0.384028 0.034375 0.048611
