0 0.219141 0.622222 0.110156 0.111111
0 0.246875 0.754167 0.098437 0.150000
0 0.307422 0.936111 0.175781 0.122222
0 0.683203 0.837500 0.152344 0.300000
0 0.316016 0.500000 0.047656 0.097222
0 0.354297 0.540972 0.042969 0.098611
0 0.433984 0.550000 0.057031 0.136111
0 0.419141 0.457639 0.032031 0.056944
0 0.392578 0.423611 0.035156 0.047222
0 0.435937 0.420833 0.017188 0.052778
0 0.426953 0.402778 0.038281 0.052778
0 0.469141 0.407639 0.036719 0.048611
0 0.577734 0.448611 0.049219 0.066667
0 0.570312 0.395833 0.037500 0.033333
0 0.565625 0.380556 0.025000 0.044444
0 0.465234 0.374306 0.019531 0.029167
