0 0.333984 0.890972 0.139844 0.218056
0 0.123047 0.906250 0.177344 0.187500
0 0.302344 0.615278 0.076563 0.163889
0 0.409375 0.625000 0.085938 0.144444
0 0.648047 0.542361 0.055469 0.140278
0 0.572266 0.535417 0.074219 0.151389
0 0.605859 0.434722 0.071094 0.113889
0 0.565234 0.426389 0.032031 0.077778
0 0.428906 0.547917 0.057813 0.059722
0 0.381641 0.504861 0.057031 0.068056
0 0.450000 0.504167 0.078125 0.086111
0 0.458203 0.479167 0.067969 0.069444
0 0.531641 0.392361 0.042969 0.081944
0 0.445703 0.401389 0.049219 0.063889
0 0.469922 0.404861 0.049219 0.031944
