0 0.918750 0.847917 0.162500 0.273611
0 0.585156 0.755556 0.156250 0.241667
0 0.405859 0.745833 0.116406 0.213889
0 0.359375 0.506944 0.064062 0.166667
0 0.451562 0.470139 0.078125 0.120833
0 0.296484 0.443056 0.080469 0.116667
0 0.150391 0.490278 0.114844 0.138889
0 0.551953 0.454167 0.080469 0.133333
0 0.403906 0.361111 0.037500 0.105556
0 0.471875 0.347222 0.062500 0.100000
0 0.679297 0.383333 0.077344 0.111111
0 0.758203 0.548611 0.142969 0.155556
0 0.882422 0.355556 0.091406 0.130556
0 0.623047 0.284028 0.055469 0.062500
0 0.712891 0.262500 0.057031 0.075000
