0 0.147266 0.848611 0.141406 0.247222
0 0.321484 0.778472 0.086719 0.184722
0 0.656250 0.813889 0.131250 0.288889
0 0.816406 0.852778 0.170313 0.258333
0 0.677734 0.503472 0.071094 0.087500
0 0.558203 0.478472 0.053906 0.065278
0 0.611719 0.437500 0.039062 0.069444
0 0.568750 0.429861 0.039062 0.068056
0 0.331250 0.475694 0.053125 0.070833
0 0.444141 0.497917 0.039844 0.081944
0 0.462891 0.458333 0.041406 0.050000
0 0.471094 0.409028 0.037500 0.065278
0 0.476953 0.386111 0.025781 0.044444
0 0.531250 0.388889 0.026562 0.038889
