0 0.373047 0.734722 0.100781 0.197222
0 0.628516 0.517361 0.038281 0.101389
0 0.548438 0.455556 0.034375 0.066667
0 0.583203 0.440278 0.038281 0.061111
0 0.617578 0.445833 0.038281 0.086111
0 0.580859 0.396528 0.033594 0.059722
0 0.557031 0.406250 0.025000 0.054167
0 0.528516 0.390278 0.021094 0.050000
0 0.447266 0.497917 0.058594 0.087500
0 0.394531 0.491667 0.031250 0.077778
0 0.328516 0.518750 0.063281 0.079167
0 0.359766 0.449306 0.039844 0.079167
0 0.391406 0.422917 0.037500 0.087500
0 0.440234 0.409028 0.030469 0.073611
0 0.479297 0.384028 0.024219 0.065278
