0 0.337500 0.868750 0.103125 0.262500
0 0.309766 0.493750 0.053906 0.081944
0 0.362500 0.513194 0.043750 0.081944
0 0.391406 0.569444 0.060937 0.083333
0 0.437109 0.520139 0.074219 0.076389
0 0.591406 0.601389 0.054688 0.130556
0 0.701953 0.625694 0.085156 0.148611
0 0.601172 0.493056 0.038281 0.083333
0 0.645312 0.477083 0.043750 0.104167
0 0.545703 0.452778 0.028906 0.072222
0 0.593359 0.417361 0.024219 0.054167
0 0.568750 0.390972 0.026562 0.062500
0 0.461719 0.448611 0.029687 0.055556
0 0.421875 0.427778 0.035937 0.061111
0 0.468750 0.411806 0.026562 0.043056
0 0.458203 0.381250 0.011719 0.031944
0 0.483203 0.386111 0.011719 0.033333
