0 0.107813 0.929167 0.209375 0.133333
0 0.119141 0.722222 0.155469 0.163889
0 0.375000 0.743750 0.106250 0.154167
0 0.311328 0.611806 0.078906 0.095833
0 0.283203 0.534028 0.100781 0.129167
0 0.424219 0.565278 0.078125 0.102778
0 0.432031 0.500000 0.051562 0.072222
0 0.382422 0.470833 0.078906 0.052778
0 0.393750 0.424306 0.039062 0.056944
0 0.435547 0.418056 0.028906 0.066667
0 0.469531 0.408333 0.031250 0.052778
0 0.685547 0.627778 0.083594 0.138889
0 0.746094 0.588889 0.096875 0.144444
0 0.582031 0.454167 0.037500 0.058333
0 0.539844 0.413889 0.037500 0.052778
0 0.480469 0.382639 0.018750 0.051389
0 0.525781 0.369444 0.031250 0.036111
0 0.442969 0.377778 0.029687 0.038889
