0 0.176172 0.836111 0.158594 0.213889
0 0.373437 0.723611 0.110937 0.175000
0 0.754687 0.767361 0.120313 0.251389
0 0.829688 0.680556 0.106250 0.200000
0 0.628906 0.461111 0.037500 0.050000
0 0.592187 0.420139 0.035937 0.051389
0 0.539453 0.387500 0.032031 0.044444
0 0.206641 0.623611 0.096094 0.113889
0 0.288281 0.540972 0.059375 0.104167
0 0.360547 0.530556 0.035156 0.097222
0 0.425781 0.554167 0.075000 0.091667
0 0.436328 0.503472 0.053906 0.076389
0 0.392578 0.477778 0.049219 0.075000
0 0.445703 0.459028 0.035156 0.065278
0 0.455859 0.420139 0.041406 0.062500
0 0.453516 0.379861 0.014844 0.043056
