0 0.346094 0.800000 0.090625 0.186111
0 0.804297 0.805556 0.139844 0.200000
0 0.578125 0.540972 0.046875 0.118056
0 0.669531 0.512500 0.057813 0.108333
0 0.623437 0.457639 0.042188 0.065278
0 0.558594 0.417361 0.035937 0.054167
0 0.596484 0.406944 0.032031 0.058333
0 0.345313 0.556944 0.068750 0.080556
0 0.426172 0.563194 0.061719 0.115278
0 0.442969 0.497917 0.035937 0.098611
0 0.406641 0.479167 0.055469 0.069444
0 0.378906 0.461111 0.050000 0.072222
0 0.428906 0.436806 0.020313 0.073611
0 0.455859 0.445833 0.041406 0.061111
0 0.464453 0.418056 0.024219 0.047222
0 0.530078 0.395139 0.028906 0.040278
