0 0.284375 0.693750 0.110937 0.145833
0 0.283984 0.525694 0.072656 0.106944
0 0.417187 0.568750 0.078125 0.118056
0 0.376563 0.519444 0.057813 0.083333
0 0.335938 0.490278 0.068750 0.100000
0 0.782031 0.787500 0.142187 0.177778
0 0.795312 0.657639 0.137500 0.170833
0 0.669531 0.511806 0.056250 0.143056
0 0.558594 0.470833 0.042188 0.088889
0 0.606250 0.434028 0.039062 0.065278
0 0.576953 0.436806 0.047656 0.059722
0 0.450781 0.465278 0.054688 0.066667
0 0.409375 0.479861 0.039062 0.095833
0 0.391797 0.434028 0.035156 0.062500
0 0.441797 0.417361 0.032031 0.045833
0 0.559375 0.384722 0.034375 0.063889
0 0.471094 0.411806 0.042188 0.048611
