0 0.030078 0.897917 0.058594 0.168056
0 0.202734 0.802778 0.130469 0.208333
0 0.305469 0.946528 0.160938 0.095833
0 0.285156 0.556944 0.095312 0.102778
0 0.403516 0.618056 0.072656 0.127778
0 0.660547 0.747917 0.075781 0.209722
0 0.795703 0.662500 0.094531 0.202778
0 0.581641 0.452778 0.021094 0.041667
0 0.618750 0.456944 0.039062 0.083333
0 0.524219 0.411806 0.026562 0.043056
0 0.569141 0.377083 0.014844 0.034722
0 0.381250 0.500000 0.064062 0.061111
0 0.454688 0.461806 0.031250 0.059722
0 0.389062 0.429167 0.026562 0.030556
0 0.419922 0.437500 0.025781 0.055556
0 0.421094 0.395139 0.020313 0.034722
0 0.446875 0.398611 0.031250 0.027778
