0 0.176172 0.849306 0.189844 0.215278
0 0.313672 0.513889 0.060156 0.100000
0 0.382031 0.495139 0.040625 0.081944
0 0.452344 0.507639 0.043750 0.081944
0 0.593750 0.559722 0.075000 0.130556
0 0.813281 0.652083 0.101562 0.154167
0 0.551172 0.452083 0.032031 0.051389
0 0.584766 0.399306 0.027344 0.059722
0 0.557031 0.397917 0.028125 0.031944
0 0.547266 0.374306 0.025781 0.031944
0 0.415234 0.434028 0.032031 0.051389
0 0.421484 0.401389 0.022656 0.027778
0 0.454297 0.443056 0.039844 0.044444
0 0.464453 0.414583 0.028906 0.037500
0 0.453125 0.377083 0.026562 0.037500
0 0.482422 0.378472 0.017969 0.026389
