0 0.268750 0.544444 0.079687 0.091667
0 0.357812 0.754861 0.126562 0.151389
0 0.653516 0.686806 0.097656 0.176389
0 0.696875 0.551389 0.054688 0.097222
0 0.638672 0.460417 0.052344 0.090278
0 0.547266 0.477778 0.047656 0.088889
0 0.585156 0.451389 0.046875 0.077778
0 0.558984 0.397222 0.017969 0.050000
0 0.583984 0.397222 0.035156 0.063889
0 0.535547 0.389583 0.032031 0.051389
0 0.348828 0.472917 0.046094 0.062500
0 0.383984 0.508333 0.038281 0.063889
0 0.447656 0.513889 0.059375 0.100000
0 0.459375 0.440972 0.025000 0.048611
0 0.437109 0.402778 0.025781 0.047222
0 0.448437 0.381250 0.021875 0.029167
