0 0.886719 0.914583 0.192188 0.170833
0 0.792188 0.654861 0.095312 0.126389
0 0.677344 0.632639 0.085938 0.120833
0 0.701562 0.549306 0.073438 0.106944
0 0.565234 0.490278 0.044531 0.086111
0 0.594922 0.468056 0.049219 0.083333
0 0.567187 0.418056 0.035937 0.044444
0 0.545703 0.431250 0.033594 0.054167
0 0.411719 0.604167 0.078125 0.097222
0 0.343750 0.568750 0.056250 0.145833
0 0.294141 0.540278 0.071094 0.125000
0 0.375000 0.440972 0.035937 0.062500
0 0.404687 0.475000 0.037500 0.055556
0 0.428125 0.512500 0.045312 0.094444
0 0.455859 0.458333 0.032031 0.086111
0 0.467578 0.422222 0.036719 0.069444
