0 0.832031 0.711806 0.125000 0.204167
0 0.642188 0.577778 0.075000 0.138889
0 0.668359 0.506944 0.075781 0.108333
0 0.604688 0.493056 0.053125 0.080556
0 0.558594 0.489583 0.046875 0.090278
0 0.568359 0.437500 0.033594 0.058333
0 0.561328 0.414583 0.036719 0.059722
0 0.325000 0.604167 0.071875 0.100000
0 0.284375 0.543056 0.073438 0.097222
0 0.349219 0.754167 0.117188 0.144444
0 0.441016 0.529861 0.061719 0.126389
0 0.454297 0.468056 0.061719 0.094444
0 0.437891 0.403472 0.017969 0.073611
0 0.474609 0.384722 0.022656 0.083333
