0 0.052734 0.841667 0.103906 0.258333
0 0.192188 0.808333 0.131250 0.211111
0 0.342578 0.833333 0.119531 0.172222
0 0.368750 0.634028 0.089063 0.159722
0 0.428516 0.585417 0.078906 0.154167
0 0.353516 0.560417 0.069531 0.112500
0 0.350000 0.474306 0.042188 0.123611
0 0.383594 0.502083 0.048438 0.098611
0 0.442578 0.509028 0.057031 0.126389
0 0.414062 0.466667 0.042188 0.102778
0 0.457813 0.443056 0.037500 0.080556
0 0.407031 0.409028 0.026562 0.062500
0 0.468359 0.395139 0.021094 0.062500
0 0.579688 0.545139 0.060937 0.106944
0 0.556250 0.448611 0.057813 0.105556
0 0.659375 0.496528 0.084375 0.148611
0 0.528516 0.381944 0.021094 0.038889
0 0.587891 0.400000 0.021094 0.050000
