0 0.285547 0.654167 0.099219 0.125000
0 0.687500 0.779167 0.112500 0.183333
0 0.374609 0.503472 0.047656 0.076389
0 0.363672 0.456944 0.022656 0.044444
0 0.388672 0.418750 0.027344 0.043056
0 0.412891 0.452778 0.021094 0.036111
0 0.451172 0.467361 0.030469 0.045833
0 0.460156 0.441667 0.035937 0.038889
0 0.459375 0.407639 0.021875 0.037500
0 0.438672 0.398611 0.022656 0.022222
0 0.537891 0.434722 0.028906 0.050000
0 0.581641 0.434722 0.024219 0.052778
0 0.562891 0.400000 0.027344 0.041667
0 0.522266 0.371528 0.011719 0.037500
