0 0.160547 0.878472 0.203906 0.243056
0 0.248047 0.711111 0.107031 0.180556
0 0.384766 0.751389 0.110156 0.219444
0 0.271484 0.565972 0.041406 0.109722
0 0.332031 0.583333 0.050000 0.133333
0 0.414453 0.622222 0.083594 0.188889
0 0.414062 0.555556 0.073438 0.122222
0 0.441406 0.517361 0.064062 0.120833
0 0.402734 0.481250 0.057031 0.109722
0 0.450781 0.461111 0.054688 0.050000
0 0.380859 0.439583 0.052344 0.090278
0 0.721484 0.688889 0.080469 0.169444
0 0.840234 0.697917 0.147656 0.212500
0 0.573828 0.506944 0.058594 0.141667
0 0.533594 0.408333 0.031250 0.063889
0 0.473828 0.420139 0.042969 0.073611
0 0.432031 0.383333 0.020313 0.050000
