0 0.414062 0.790972 0.145313 0.256944
0 0.226562 0.574306 0.121875 0.179167
0 0.351172 0.517361 0.102344 0.143056
0 0.454297 0.478472 0.064844 0.151389
0 0.540234 0.421528 0.072656 0.134722
0 0.889844 0.715972 0.178125 0.259722
0 0.727734 0.447222 0.100781 0.138889
0 0.394531 0.360417 0.064062 0.095833
0 0.465625 0.355556 0.054688 0.094444
0 0.420312 0.272917 0.035937 0.076389
0 0.474609 0.279861 0.030469 0.062500
0 0.871484 0.410417 0.102344 0.095833
0 0.648047 0.331250 0.089844 0.098611
0 0.607812 0.252778 0.042188 0.063889
0 0.865625 0.327778 0.090625 0.052778
0 0.526172 0.241667 0.035156 0.061111
0 0.767969 0.255556 0.054688 0.088889
