0 0.420312 0.838889 0.159375 0.316667
0 0.602344 0.862500 0.115625 0.275000
0 0.332422 0.539583 0.099219 0.148611
0 0.454297 0.507639 0.097656 0.145833
0 0.397266 0.347222 0.049219 0.088889
0 0.340625 0.315278 0.060937 0.080556
0 0.462109 0.391667 0.071094 0.111111
0 0.541406 0.353472 0.056250 0.093056
0 0.472266 0.279861 0.042969 0.045833
0 0.838672 0.650000 0.172656 0.247222
0 0.688281 0.391667 0.078125 0.116667
0 0.591797 0.231944 0.025781 0.063889
0 0.625391 0.297917 0.064844 0.065278
0 0.883984 0.362500 0.102344 0.119444
0 0.760938 0.256944 0.065625 0.066667
0 0.430078 0.285417 0.071094 0.079167
