0 0.442578 0.600000 0.088281 0.225000
0 0.566016 0.597917 0.094531 0.206944
0 0.357031 0.491667 0.075000 0.163889
0 0.298828 0.367361 0.089844 0.129167
0 0.398828 0.378472 0.046094 0.109722
0 0.458594 0.378472 0.064062 0.131944
0 0.532422 0.363194 0.052344 0.115278
0 0.419141 0.303472 0.055469 0.056944
0 0.855469 0.652778 0.171875 0.236111
0 0.660156 0.343750 0.054688 0.081944
0 0.833594 0.443056 0.109375 0.166667
0 0.601172 0.243750 0.046094 0.068056
0 0.476562 0.256944 0.032813 0.063889
0 0.589063 0.197222 0.040625 0.050000
0 0.519141 0.269444 0.024219 0.047222
0 0.951953 0.522222 0.096094 0.163889
0 0.921875 0.366667 0.079687 0.111111
0 0.751172 0.254167 0.044531 0.058333
