0 0.156510 0.629630 0.141146 0.250000
0 0.338542 0.502315 0.104167 0.193519
0 0.482812 0.632870 0.106250 0.217593
0 0.497656 0.465741 0.148438 0.150000
0 0.263281 0.286574 0.109896 0.080556
0 0.350260 0.293056 0.065104 0.099074
0 0.297135 0.204630 0.067187 0.098148
0 0.239323 0.171296 0.059896 0.094444
0 0.287500 0.101389 0.050000 0.065741
0 0.406250 0.170370 0.048958 0.046296
0 0.439583 0.229630 0.073958 0.048148
0 0.351042 0.056019 0.029167 0.028704
0 0.333333 0.107870 0.026042 0.032407
0 0.389583 0.122222 0.052083 0.046296
0 0.929948 0.485648 0.115104 0.163889
