0 0.094010 0.751389 0.164062 0.312037
0 0.213281 0.462500 0.081771 0.117593
0 0.261458 0.365741 0.078125 0.138889
0 0.299479 0.553704 0.067708 0.229630
0 0.489583 0.637037 0.132292 0.185185
0 0.238021 0.157870 0.055208 0.067593
0 0.883854 0.533333 0.133333 0.181481
0 0.419010 0.198611 0.060937 0.036111
0 0.349740 0.243981 0.066146 0.058333
0 0.345052 0.190741 0.047396 0.044444
0 0.335417 0.144444 0.047917 0.062963
0 0.344531 0.096296 0.035937 0.048148
0 0.391146 0.131481 0.031250 0.044444
0 0.443229 0.241204 0.061458 0.036111
