0 0.109375 0.724537 0.156250 0.254630
0 0.227865 0.474537 0.113021 0.178704
0 0.254948 0.349074 0.093229 0.133333
0 0.341667 0.398148 0.052083 0.127778
0 0.758073 0.842593 0.142187 0.314815
0 0.487240 0.648148 0.139063 0.237037
0 0.353906 0.276389 0.067187 0.076852
0 0.247396 0.157407 0.071875 0.100000
0 0.448958 0.259722 0.077083 0.073148
0 0.338802 0.152315 0.039062 0.039815
0 0.346615 0.201852 0.046354 0.046296
0 0.380469 0.092593 0.044271 0.040741
0 0.407031 0.164815 0.045312 0.031481
0 0.291406 0.064815 0.042188 0.053704
